0.543
1.298
1.519
2.676
3.453
4.225
4.818
6.846
7.565
7.807
8.657
9.008
10.286
11.524
11.583
11.907
13.422
13.457
13.887
13.923
16.347
17.488
18.059
18.214
18.491
18.967
22.669
23.636
24.134
24.427
25.312
25.965
26.447
26.491
26.888
28.120
29.158
29.594
30.138
31.162
31.188
31.747
33.563
33.966
34.386
34.897
35.321
36.533
37.122
37.235
39.367
39.613
39.880
40.162
40.222
40.649
41.434
41.760
41.765
42.169
42.554
44.769
44.793
45.647
46.147
46.865
46.880
47.362
49.434
49.487
50.445
51.134
51.216
51.346
51.848
52.551
53.051
53.640
54.000
57.265
57.304
57.419
58.754
58.847
59.228
59.462
60.446
60.803
63.071
64.021
66.319
66.443
66.828
67.600
68.127
69.690
71.630
72.397
72.908
74.977
75.607
75.968
75.976
77.465
77.588
77.807
78.487
81.584
82.041
83.384
84.740
84.870
85.658
85.928
86.157
86.418
87.065
87.868
88.979
89.461
90.291
91.195
94.005
94.901
94.981
95.110
96.548
96.625
97.725
97.999
98.449
99.899
100.140
100.267
102.055
103.157
104.202
105.056
106.682
108.050
108.283
108.464
109.355
109.812
110.796
111.891
112.069
112.113
112.232
112.379
112.614
114.085
114.207
114.220
114.823
115.214
116.277
116.647
117.239
117.333
118.031
118.121
119.153
119.160
119.471
119.780
120.516
121.936
122.588
123.703
123.965
125.110
125.420
126.750
126.788
126.805
127.126
127.706
129.974
130.397
130.566
130.676
131.388
133.098
134.377
134.817
134.907
135.348
135.852
137.319
138.245
138.509
139.531
140.214
140.743
140.837
141.684
141.713
142.330
145.917
146.133
146.328
146.333
146.352
146.831
148.812
149.122
150.118
150.238
150.479
150.759
151.570
151.669
151.841
152.791
154.131
154.220
154.275
154.352
155.538
155.785
157.220
157.680
158.263
158.536
158.570
159.220
159.932
160.011
160.301
160.512
160.739
162.252
162.684
162.791
163.603
164.727
164.924
165.553
165.855
166.654
166.974
168.139
168.586
168.921
169.391
169.722
171.070
171.195
174.126
174.354
174.398
176.121
176.242
176.386
176.641
177.282
178.638
178.900
179.276
180.001
180.189
180.553
180.743
180.850
181.497
182.433
183.311
183.878
183.987
183.998
184.355
185.760
186.643
186.725
187.558
188.432
189.020
189.838
190.015
190.069
191.007
193.190
193.571
194.276
195.392
196.090
196.651
197.107
198.276
200.289
201.149
201.740
204.027
204.402
205.075
205.628
205.742
206.402
207.132
207.184
207.738
208.361
209.411
209.918
210.146
210.904
212.010
212.528
214.858
216.187
216.597
216.928
217.569
218.300
218.458
219.047
221.681
222.641
222.677
222.902
223.286
224.387
224.797
226.138
226.475
228.114
228.420
228.678
229.253
229.754
230.475
230.890
232.840
233.612
233.619
233.876
234.735
235.946
236.011
236.094
236.841
237.515
238.334
238.656
239.377
239.438
240.765
242.509
243.205
243.374
243.856
245.303
245.385
245.631
247.609
248.055
248.095
248.147
248.917
249.078
251.322
251.404
253.281
253.489
253.638
256.567
257.219
257.919
257.942
258.069
258.328
258.719
260.203
260.354
260.455
260.734
261.972
262.506
263.221
263.931
264.083
264.763
264.834
264.971
265.686
266.050
266.648
267.788
268.385
270.059
270.705
270.977
271.453
271.697
272.651
273.908
275.109
275.280
275.712
276.280
276.430
277.003
277.037
277.217
277.383
277.986
278.083
279.645
279.675
279.736
281.133
282.774
283.213
283.485
284.447
284.469
285.035
285.765
286.352
287.133
287.346
287.744
290.732
290.980
291.428
291.464
293.155
293.795
294.087
294.774
295.014
295.207
295.299
296.035
296.643
297.713
297.741
298.072
298.407
298.485
299.521
300.898
300.934
301.394
301.676
302.326
302.567
304.247
304.605
307.924
308.356
308.485
308.495
308.776
308.932
309.734
309.748
310.330
311.589
312.835
312.970
312.980
313.047
313.359
313.739
313.885
314.064
314.807
315.427
315.496
315.600
316.695
319.997
321.100
321.112
321.908
322.774
323.094
324.276
325.690
326.542
326.601
326.607
327.003
329.471
329.514
330.550
330.763
331.622
331.730
333.111
333.461
333.885
335.402
336.168
336.232
336.316
336.570
337.174
338.178
338.248
338.815
339.140
339.465
339.939
339.993
340.023
340.471
340.697
340.815
341.420
341.436
341.699
342.320
343.418
344.480
345.159
346.559
346.958
347.897
348.949
349.304
349.828
349.908
350.521
350.986
352.421
352.450
353.048
353.074
354.424
357.168
357.921
358.279
359.281
359.306
359.919
360.330
362.454
363.762
363.767
363.792
364.790
365.435
365.695
365.746
366.869
367.532
367.747
370.369
370.979
371.427
371.634
371.834
371.930
373.210
373.696
373.698
374.461
375.810
375.954
377.064
378.219
378.452
379.748
380.374
381.805
381.953
383.573
384.842
384.943
385.000
385.325
385.337
385.375
387.115
387.374
387.500
388.059
388.208
388.614
388.880
388.881
390.173
391.120
391.899
393.323
396.102
396.170
396.835
396.841
400.349
400.502
401.744
403.312
403.745
404.065
404.361
405.041
406.153
406.511
407.430
408.240
408.252
408.554
408.986
409.613
409.730
410.305
410.557
410.696
410.757
410.847
411.591
411.997
412.612
412.830
414.321
414.472
414.994
415.048
415.865
416.059
416.403
417.142
417.363
418.076
419.624
419.839
420.360
421.191
422.225
422.240
423.551
423.872
424.859
425.027
425.045
426.048
426.168
426.624
427.424
428.737
429.251
430.529
430.954
432.744
432.860
433.171
433.191
435.719
437.843
438.067
438.317
438.545
440.226
440.244
441.314
441.405
443.938
445.005
446.419
446.424
447.338
447.517
447.719
448.056
448.876
449.216
449.762
452.340
452.725
453.048
454.504
457.082
458.923
459.137
459.490
461.346
462.636
463.631
464.699
465.769
466.236
466.406
467.135
468.046
469.343
469.710
471.202
472.730
472.867
473.195
473.382
473.544
473.624
474.982
475.125
476.217
476.757
476.948
476.972
477.012
477.032
478.017
478.155
479.794
479.805
480.451
480.842
480.876
482.755
483.301
483.590
484.175
486.528
488.917
489.479
490.090
492.440
493.013
493.028
493.156
493.857
494.271
495.021
495.620
495.707
495.807
497.405
498.733
499.104
499.325
499.552
500.387
500.584
500.600
501.656
503.103
503.545
504.565
505.449
505.839
507.164
508.548
509.309
511.564
512.315
513.090
513.106
513.227
513.901
514.730
515.221
516.054
516.648
517.315
517.380
518.003
518.157
518.636
520.541
521.444
521.791
521.848
522.432
522.658
523.554
523.556
523.734
523.837
524.054
524.092
525.329
525.887
527.067
527.260
527.514
527.666
527.815
531.116
533.026
533.810
533.846
534.502
535.690
536.190
536.296
538.362
539.291
539.539
539.604
539.752
540.227
540.557
541.571
542.327
544.227
545.019
545.312
545.843
546.467
546.666
546.893
548.110
548.152
548.199
548.915
549.665
555.270
555.570
555.609
556.791
557.048
559.497
560.805
560.918
561.066
561.084
561.140
561.829
562.107
562.725
563.190
563.417
564.534
564.698
565.490
565.999
566.632
566.922
566.931
567.312
567.884
568.085
568.843
569.203
569.255
569.608
569.650
570.678
571.501
571.528
571.607
571.993
572.099
572.878
572.924
573.414
573.658
575.115
575.128
577.944
578.493
579.456
581.204
581.243
581.518
582.029
582.295
582.339
583.887
584.367
584.615
584.647
586.333
586.618
587.547
587.693
588.075
588.679
589.617
589.636
590.905
591.422
592.701
592.960
594.253
596.503
598.484
598.697
598.827
599.772
600.147
600.338
600.545
600.880
600.930
603.194
603.986
604.084
604.779
607.037
607.759
607.850
608.110
608.321
608.373
608.381
608.504
608.592
608.734
608.813
609.174
609.294
609.342
609.620
609.800
609.809
609.822
609.843
609.939
610.599
610.650
610.930
610.953
611.108
611.192
611.243
611.275
611.319
611.330
611.391
611.485
611.694
613.097
613.472
613.960
614.986
615.801
616.111
616.341
616.569
617.250
618.184
618.848
619.497
619.545
620.442
621.267
622.039
622.220
622.858
623.824
624.119
624.251
625.629
625.876
625.901
626.322
626.788
626.795
626.838
626.882
628.062
628.568
629.902
631.454
631.575
631.595
632.045
632.883
633.268
634.131
634.420
634.506
635.145
635.479
636.448
636.676
636.997
637.389
638.280
638.407
638.775
639.626
639.987
640.771
641.091
641.215
642.286
642.779
642.835
643.890
645.058
645.380
645.939
647.349
647.355
647.801
648.254
649.260
650.458
650.658
650.748
650.802
650.808
655.673
656.872
659.111
659.193
659.280
659.331
659.503
660.112
660.214
660.761
660.805
661.976
662.028
663.226
664.092
664.179
664.374
665.008
666.590
668.016
668.378
669.234
669.290
669.304
669.698
669.960
670.063
670.653
673.451
673.898
674.695
676.255
677.131
678.182
678.411
678.497
679.469
679.510
680.524
680.786
680.853
681.043
681.447
682.207
682.507
682.641
686.030
686.307
686.684
687.776
688.623
689.260
690.268
691.496
691.521
691.541
691.966
692.172
692.659
692.693
692.754
692.978
693.445
693.871
693.957
694.439
695.763
696.138
696.257
696.428
698.251
699.742
700.478
700.676
702.069
702.165
703.326
704.292
705.381
706.406
706.766
707.942
708.264
708.803
709.132
709.184
709.866
711.435
711.614
711.967
712.025
712.280
713.377
714.648
714.782
715.379
715.422
715.571
715.783
715.914
716.884
717.238
718.115
719.009
719.050
719.068
719.228
719.965
720.060
720.735
721.533
721.883
722.012
722.016
723.207
723.628
724.555
724.626
725.056
725.434
725.631
726.419
726.816
727.023
727.531
727.692
727.753
728.090
728.357
728.548
728.842
728.921
729.314
729.527
730.460
732.044
732.486
734.758
734.989
735.531
735.578
736.118
738.464
738.602
740.048
742.799
742.832
743.037
743.706
744.302
746.626
747.215
747.281
747.478
748.235
748.365
749.250
750.502
750.633
751.350
751.484
752.106
753.001
753.063
753.548
755.443
758.325
759.726
759.774
760.440
760.952
762.022
762.207
763.904
763.998
764.232
764.311
764.326
764.545
764.842
766.737
767.242
767.689
768.620
770.249
770.753
771.131
772.027
772.110
772.977
773.202
774.487
775.047
775.297
775.366
776.735
777.125
777.546
777.783
778.384
779.896
780.123
780.290
782.124
783.519
785.730
785.868
786.268
786.747
787.493
787.556
788.250
788.302
788.605
788.780
788.987
789.028
791.207
791.316
792.297
792.865
793.109
796.096
796.319
796.774
796.951
797.865
798.229
799.136
799.665
799.853
800.545
801.227
801.989
802.346
802.646
802.661
802.739
802.848
803.081
803.735
803.825
804.517
804.538
806.228
807.141
807.155
807.195
807.218
807.469
809.460
809.767
812.596
812.703
812.879
813.223
813.314
813.494
814.047
814.268
815.565
815.967
817.079
817.811
819.107
819.462
819.799
819.970
821.356
821.663
821.859
822.616
822.774
823.163
823.356
824.101
826.202
826.355
826.597
827.991
829.747
829.872
831.104
832.732
832.917
833.332
833.973
836.093
837.628
838.927
839.596
840.150
840.995
841.016
842.113
843.005
843.567
843.703
843.790
844.659
845.093
846.596
847.924
848.232
849.198
849.761
849.843
850.368
850.626
850.841
851.737
852.398
852.431
852.627
853.202
854.828
855.046
855.218
855.553
855.708
856.064
856.613
857.088
857.558
857.608
858.615
858.797
858.881
858.941
859.478
859.531
859.573
859.688
859.715
860.523
860.545
860.558
860.713
861.447
861.693
861.843
861.971
862.984
863.340
863.816
866.798
867.833
868.372
869.286
869.513
870.306
870.377
872.128
874.003
874.479
874.889
877.317
878.031
878.048
878.189
878.723
879.825
880.439
880.547
880.849
881.367
884.157
884.749
886.623
887.085
889.533
889.677
889.847
890.554
891.383
892.507
892.508
893.227
893.891
894.030
894.137
895.777
898.919
898.975
899.666
900.537
900.834
901.171
901.969
902.156
902.509
902.677
905.323
906.019
906.129
906.299
907.448
907.993
909.155
909.201
910.884
910.887
911.055
914.054
914.666
916.603
916.742
918.066
918.169
919.155
920.094
920.684
922.681
922.828
923.815
924.325
924.572
925.268
925.398
926.355
927.280
927.308
928.430
928.466
928.753
929.067
930.146
930.243
931.165
931.179
931.272
931.333
931.626
932.487
933.061
933.204
933.220
933.747
934.385
934.995
936.100
936.456
937.242
937.656
937.857
937.987
938.301
938.361
938.462
938.468
939.301
939.644
940.381
940.875
941.460
941.593
941.623
942.688
942.832
943.383
943.768
944.098
944.439
944.735
945.590
945.770
946.282
947.713
947.746
947.800
948.649
949.059
950.238
950.290
950.840
950.930
951.006
951.542
952.014
952.351
952.433
954.263
954.325
954.651
955.219
955.549
956.040
956.516
956.645
958.076
958.292
958.338
958.613
958.686
958.836
959.329
960.033
960.062
961.358
961.690
963.169
963.445
964.306
964.934
965.004
965.043
965.560
966.475
966.742
967.631
968.508
969.206
969.931
970.278
970.339
971.183
971.208
971.214
971.789
972.121
973.276
974.457
975.419
975.509
975.759
976.465
976.904
977.895
978.111
978.233
979.564
979.645
980.030
981.718
981.846
982.948
983.824
984.634
984.825
984.832
986.167
986.665
987.149
988.554
988.842
988.960
989.067
990.160
990.350
990.708
991.590
992.154
993.037
993.404
994.133
995.766
996.261
996.593
997.270
997.384
997.784
997.966
999.290
999.858
999.990
1000.209
1000.297
1001.257
1003.400
1004.467
1004.846
1004.895
1005.274
1005.276
1006.089
1006.446
1007.352
1008.043
1008.202
1010.447
1010.749
1011.019
1011.329
1011.473
1011.598
1011.638
1012.553
1014.968
1016.179
1016.320
1016.675
1016.773
1017.184
1018.278
1018.625
1019.558
1020.549
1021.157
1021.183
1021.373
1022.287
1022.308
1024.352
1024.586
1024.637
1024.932
1024.962
1026.495
1027.782
1028.427
1028.566
1028.819
1029.387
1030.460
1030.776
1030.956
1032.389
1033.645
1035.497
1035.793
1036.642
1036.905
1037.848
1038.291
1038.605
1039.201
1039.620
1041.087
1042.887
1043.055
1043.111
1044.008
1044.464
1045.057
1045.464
1045.558
1045.852
1046.762
1046.836
1047.723
1048.358
1048.854
1049.684
1052.371
1052.817
1053.229
1054.791
1056.029
1057.422
1057.545
1058.618
1059.805
1060.116
1062.935
1063.937
1064.364
1068.598
1068.755
1072.050
1072.471
1072.706
1073.187
1073.817
1073.961
1074.056
1075.401
1076.369
1076.396
1076.522
1076.675
1078.359
1078.590
1079.889
1080.832
1080.919
1081.525
1081.794
1081.914
1081.989
1084.119
1085.281
1086.142
1086.678
1087.646
1088.777
1089.630
1090.739
1091.372
1092.433
1092.494
1093.033
1093.913
1093.998
1094.291
1095.033
1095.573
1096.519
1098.195
1099.153
1099.275
1099.938
1099.965
1099.999
1101.769
1101.875
1101.987
1102.569
1105.047
1105.675
1105.733
1106.782
1107.092
1107.584
1108.818
1108.997
1110.265
1110.801
1111.164
1111.439
1113.826
1114.115
1114.785
1115.061
1115.181
1115.331
1116.040
1116.155
1116.653
1117.983
1119.029
1119.715
1119.795
1120.404
1120.839
1121.199
1121.998
1122.824
1122.969
1123.109
1124.262
1124.918
1125.047
1125.068
1125.950
1126.414
1126.416
1126.442
1127.877
1127.919
1129.167
1129.719
1130.460
1130.902
1132.471
1132.713
1132.825
1133.061
1133.806
1134.555
1139.464
1140.235
1140.980
1140.996
1143.270
1143.353
1143.784
1146.333
1146.752
1147.519
1147.635
1148.451
1149.081
1149.262
1149.517
1149.691
1150.098
1150.200
1150.227
1150.319
1150.565
1150.824
1151.870
1152.126
1152.178
1152.279
1152.897
1153.193
1153.688
1153.928
1156.068
1156.866
1157.214
1157.577
1158.120
1158.801
1159.583
1159.640
1160.242
1161.037
1161.808
1161.912
1163.008
1163.679
1164.561
1164.895
1165.023
1165.364
1165.595
1167.108
1167.251
1167.844
1168.187
1168.778
1168.780
1169.658
1170.105
1170.444
1170.694
1170.854
1171.136
1172.092
1172.694
1173.092
1173.209
1173.543
1174.813
1174.952
1176.410
1176.577
1176.698
1176.917
1177.134
1177.187
1178.515
1180.156
1180.767
1181.714
1182.004
1185.160
1185.616
1185.830
1186.638
1186.965
1187.273
1187.588
1188.526
1188.811
1190.076
1190.202
1190.507
1191.167
1191.428
1191.791
1192.353
1194.337
1195.249
1195.624
1197.033
1197.154
1198.013
1198.359
1198.670
1199.177
1199.612
1199.678
1200.074
1200.144
1200.504
1200.652
1201.190
1201.781
1202.539
1202.675
1203.014
1205.121
1205.828
1206.143
1207.335
1207.834
1208.730
1209.573
1209.852
1210.242
1210.419
1211.124
1211.375
1212.384
1212.784
1213.651
1216.233
1216.340
1216.615
1218.254
1218.561
1218.583
1221.318
1221.837
1222.345
1223.452
1224.591
1224.750
1224.754
1224.797
1224.959
1225.011
1227.840
1229.079
1230.054
1230.309
1230.555
1231.050
1231.502
1232.067
1232.272
1232.298
1232.731
1233.527
1234.850
1235.056
1235.682
1235.891
1236.302
1237.542
1238.863
1238.892
1239.396
1239.398
1240.923
1241.222
1241.468
1242.379
1243.222
1245.198
1246.127
1246.499
1246.540
1246.689
1247.961
1249.560
1250.023
1250.052
1250.274
1250.459
1250.481
1250.743
1251.077
1251.180
1251.191
1251.436
1252.226
1252.462
1253.039
1253.298
1253.484
1254.047
1254.888
1256.375
1257.766
1257.971
1258.402
1258.708
1258.765
1259.887
1260.909
1260.986
1261.775
1261.931
1263.790
1263.909
1264.510
1264.664
1264.715
1266.206
1266.371
1266.492
1266.886
1267.928
1268.064
1269.033
1270.385
1271.505
1272.122
1273.507
1273.781
1274.919
1275.428
1275.645
1275.858
1275.908
1276.671
1277.142
1278.504
1278.554
1278.696
1281.413
1281.560
1281.694
1281.744
1282.533
1283.499
1284.096
1284.326
1285.359
1286.577
1287.239
1287.326
1287.443
1287.478
1287.724
1287.917
1288.491
1289.808
1292.087
1292.250
1292.598
1293.184
1293.544
1293.888
1293.935
1294.927
1295.741
1295.947
1296.226
1298.067
1299.705
1300.126
1300.164
1300.946
1301.569
1301.862
1301.874
1304.256
1305.370
1308.756
1308.862
1309.486
1309.659
1311.026
1313.321
1314.053
1314.061
1314.116
1315.439
1317.176
1317.684
1317.882
1318.087
1319.752
1320.544
1320.913
1321.660
1323.044
1323.048
1325.387
1326.028
1326.915
1327.175
1327.232
1327.594
1327.676
1327.769
1328.676
1331.541
1332.041
1332.060
1332.435
1332.696
1335.444
1336.265
1337.892
1338.889
1339.440
1339.795
1339.842
1340.818
1341.353
1341.700
1342.285
1342.343
1342.349
1342.465
1343.296
1343.627
1343.667
1343.945
1346.488
1346.596
1347.025
1347.452
1348.700
1348.786
1349.123
1350.661
1350.798
1351.018
1352.029
1352.777
1353.393
1354.042
1354.136
1355.022
1355.263
1355.632
1355.990
1356.944
1357.492
1359.501
1360.134
1360.286
1363.027
1363.143
1363.282
1363.367
1364.327
1364.606
1364.847
1365.041
1365.057
1365.220
1366.408
1371.955
1372.819
1373.993
1374.158
1374.579
1374.796
1375.168
1375.737
1376.127
1376.137
1376.378
1376.649
1377.299
1378.457
1379.131
1379.494
1380.152
1380.505
1381.907
1382.665
1382.803
1383.380
1384.177
1384.879
1385.687
1387.279
1387.391
1388.429
1388.489
1390.868
1391.724
1392.199
1392.449
1393.617
1393.836
1395.123
1395.196
1395.226
1396.107
1396.826
1396.957
1398.145
1398.551
1399.930
1401.265
1401.565
1402.008
1402.295
1402.526
1403.807
1405.084
1405.771
1407.133
1408.182
1409.622
1409.629
1411.014
1415.381
1417.085
1417.980
1418.687
1419.191
1419.589
1419.842
1420.282
1420.853
1420.931
1420.942
1423.580
1424.577
1424.955
1427.375
1429.314
1430.360
1430.458
1430.646
1431.225
1431.899
1432.203
1432.631
1432.947
1433.293
1433.347
1433.880
1433.922
1433.937
1435.188
1437.305
